image_width: 640
image_height: 480
camera_name: narrow_stereo
camera_matrix:
  rows: 3
  cols: 3
  data: [450.71784,   0.     , 323.43259,
           0.     , 452.06385, 241.86507,
           0.     ,   0.     ,   1.     ]
distortion_model: plumb_bob
distortion_coefficients:
  rows: 1
  cols: 5
  data: [-0.351419, 0.106502, 0.001640, -0.001295, 0.000000]
rectification_matrix:
  rows: 3
  cols: 3
  data: [1., 0., 0.,
         0., 1., 0.,
         0., 0., 1.]
projection_matrix:
  rows: 3
  cols: 4
  data: [352.94785,   0.     , 322.70178,   0.     ,
           0.     , 400.54324, 242.90669,   0.     ,
           0.     ,   0.     ,   1.     ,   0.     ]
