At time 1675435318.599559448
- Translation: [-0.100, 0.000, 2.608]
- Rotation: in Quaternion [-0.507, 0.493, 0.493, 0.507]
- Rotation: in RPY (radian) [-1.571, 1.543, -0.000]
- Rotation: in RPY (degree) [-90.008, 88.394, -0.008]
- Matrix:
  0.028 -1.000 -0.000 -0.100
 -0.000 -0.000  1.000  0.000
 -1.000 -0.028 -0.000  2.608
  0.000  0.000  0.000  1.000
At time 1675435319.479601467
- Translation: [-0.126, 0.000, 2.617]
- Rotation: in Quaternion [-0.508, 0.492, 0.492, 0.508]
- Rotation: in RPY (radian) [-1.571, 1.539, -0.000]
- Rotation: in RPY (degree) [-90.007, 88.162, -0.007]
- Matrix:
  0.032 -0.999 -0.000 -0.126
 -0.000 -0.000  1.000  0.000
 -0.999 -0.032 -0.000  2.617
  0.000  0.000  0.000  1.000
At time 1675435320.519665448
- Translation: [-0.143, 0.000, 2.611]
- Rotation: in Quaternion [-0.509, 0.491, 0.491, 0.509]
- Rotation: in RPY (radian) [-1.571, 1.535, -0.000]
- Rotation: in RPY (degree) [-90.006, 87.940, -0.006]
- Matrix:
  0.036 -0.999  0.000 -0.143
 -0.000 -0.000  1.000  0.000
 -0.999 -0.036 -0.000  2.611
  0.000  0.000  0.000  1.000
At time 1675435321.599735448
- Translation: [-0.098, 0.000, 2.614]
- Rotation: in Quaternion [-0.507, 0.493, 0.493, 0.507]
- Rotation: in RPY (radian) [-1.571, 1.543, -0.000]
- Rotation: in RPY (degree) [-90.007, 88.380, -0.007]
- Matrix:
  0.028 -1.000 -0.000 -0.098
 -0.000 -0.000  1.000  0.000
 -1.000 -0.028 -0.000  2.614
  0.000  0.000  0.000  1.000
At time 1675435322.639911448
- Translation: [-0.078, 0.000, 2.626]
- Rotation: in Quaternion [-0.506, 0.494, 0.494, 0.506]
- Rotation: in RPY (radian) [-1.571, 1.548, -0.000]
- Rotation: in RPY (degree) [-90.009, 88.701, -0.009]
- Matrix:
  0.023 -1.000  0.000 -0.078
 -0.000 -0.000  1.000  0.000
 -1.000 -0.023 -0.000  2.626
  0.000  0.000  0.000  1.000
At time 1675435323.639848448
- Translation: [-0.121, 0.000, 2.611]
- Rotation: in Quaternion [-0.507, 0.493, 0.493, 0.507]
- Rotation: in RPY (radian) [-1.571, 1.541, -0.000]
- Rotation: in RPY (degree) [-90.007, 88.307, -0.007]
- Matrix:
  0.030 -1.000 -0.000 -0.121
 -0.000 -0.000  1.000  0.000
 -1.000 -0.030 -0.000  2.611
  0.000  0.000  0.000  1.000
At time 1675435324.519897467
- Translation: [-0.141, 0.000, 2.617]
- Rotation: in Quaternion [-0.508, 0.491, 0.491, 0.508]
- Rotation: in RPY (radian) [-1.571, 1.537, -0.000]
- Rotation: in RPY (degree) [-90.006, 88.052, -0.006]
- Matrix:
  0.034 -0.999 -0.000 -0.141
 -0.000 -0.000  1.000  0.000
 -0.999 -0.034 -0.000  2.617
  0.000  0.000  0.000  1.000
At time 1675435325.519956467
- Translation: [-0.159, 0.000, 2.612]
- Rotation: in Quaternion [-0.510, 0.490, 0.490, 0.510]
- Rotation: in RPY (radian) [-1.571, 1.532, -0.000]
- Rotation: in RPY (degree) [-90.005, 87.763, -0.005]
- Matrix:
  0.039 -0.999 -0.000 -0.159
 -0.000 -0.000  1.000  0.000
 -0.999 -0.039 -0.000  2.612
  0.000  0.000  0.000  1.000
At time 1675435326.520038448
- Translation: [-0.120, 0.000, 2.613]
- Rotation: in Quaternion [-0.508, 0.492, 0.492, 0.508]
- Rotation: in RPY (radian) [-1.571, 1.537, -0.000]
- Rotation: in RPY (degree) [-90.006, 88.089, -0.006]
- Matrix:
  0.033 -0.999 -0.000 -0.120
 -0.000 -0.000  1.000  0.000
 -0.999 -0.033 -0.000  2.613
  0.000  0.000  0.000  1.000
At time 1675435327.640079467
- Translation: [-0.100, 0.000, 2.625]
- Rotation: in Quaternion [-0.507, 0.492, 0.492, 0.507]
- Rotation: in RPY (radian) [-1.571, 1.541, -0.000]
- Rotation: in RPY (degree) [-90.007, 88.288, -0.007]
- Matrix:
  0.030 -1.000 -0.000 -0.100
 -0.000 -0.000  1.000  0.000
 -1.000 -0.030 -0.000  2.625
  0.000  0.000  0.000  1.000
At time 1675435328.480137467
- Translation: [-0.114, 0.000, 2.627]
- Rotation: in Quaternion [-0.508, 0.492, 0.492, 0.508]
- Rotation: in RPY (radian) [-1.571, 1.539, -0.000]
- Rotation: in RPY (degree) [-90.007, 88.188, -0.007]
- Matrix:
  0.032 -0.999  0.000 -0.114
 -0.000 -0.000  1.000  0.000
 -0.999 -0.032 -0.000  2.627
  0.000  0.000  0.000  1.000
At time 1675435329.440211466
- Translation: [-0.162, 0.000, 2.624]
- Rotation: in Quaternion [-0.510, 0.489, 0.489, 0.510]
- Rotation: in RPY (radian) [-1.571, 1.529, -0.000]
- Rotation: in RPY (degree) [-90.005, 87.602, -0.005]
- Matrix:
  0.042 -0.999 -0.000 -0.162
 -0.000 -0.000  1.000  0.000
 -0.999 -0.042 -0.000  2.624
  0.000  0.000  0.000  1.000
At time 1675435330.784401571
- Translation: [-0.368, 0.000, 2.623]
- Rotation: in Quaternion [-0.520, 0.480, 0.480, 0.520]
- Rotation: in RPY (radian) [-1.571, 1.491, -0.000]
- Rotation: in RPY (degree) [-90.003, 85.421, -0.003]
- Matrix:
  0.080 -0.997 -0.000 -0.368
 -0.000 -0.000  1.000  0.000
 -0.997 -0.080 -0.000  2.623
  0.000  0.000  0.000  1.000
At time 1675435331.600329466
- Translation: [-0.488, 0.000, 2.633]
- Rotation: in Quaternion [-0.520, 0.480, 0.480, 0.520]
- Rotation: in RPY (radian) [-1.571, 1.491, -0.000]
- Rotation: in RPY (degree) [-90.003, 85.405, -0.003]
- Matrix:
  0.080 -0.997 -0.000 -0.488
 -0.000 -0.000  1.000  0.000
 -0.997 -0.080 -0.000  2.633
  0.000  0.000  0.000  1.000
At time 1675435332.640400485
- Translation: [-0.388, 0.000, 2.607]
- Rotation: in Quaternion [-0.516, 0.483, 0.483, 0.516]
- Rotation: in RPY (radian) [-1.571, 1.505, -0.000]
- Rotation: in RPY (degree) [-90.003, 86.247, -0.003]
- Matrix:
  0.065 -0.998 -0.000 -0.388
 -0.000 -0.000  1.000  0.000
 -0.998 -0.065 -0.000  2.607
  0.000  0.000  0.000  1.000
At time 1675435333.600473448
- Translation: [-0.331, 0.000, 2.604]
- Rotation: in Quaternion [-0.518, 0.481, 0.481, 0.518]
- Rotation: in RPY (radian) [-1.571, 1.497, -0.000]
- Rotation: in RPY (degree) [-90.003, 85.748, -0.003]
- Matrix:
  0.074 -0.997  0.000 -0.331
 -0.000 -0.000  1.000  0.000
 -0.997 -0.074 -0.000  2.604
  0.000  0.000  0.000  1.000
At time 1675435334.600529466
- Translation: [-0.289, 0.000, 2.561]
- Rotation: in Quaternion [-0.524, 0.475, 0.475, 0.524]
- Rotation: in RPY (radian) [-1.571, 1.474, -0.000]
- Rotation: in RPY (degree) [-90.002, 84.477, -0.002]
- Matrix:
  0.096 -0.995 -0.000 -0.289
 -0.000 -0.000  1.000  0.000
 -0.995 -0.096 -0.000  2.561
  0.000  0.000  0.000  1.000
At time 1675435336.184413889
- Translation: [-0.347, 0.000, 2.501]
- Rotation: in Quaternion [-0.542, 0.454, 0.454, 0.542]
- Rotation: in RPY (radian) [-1.571, 1.394, -0.000]
- Rotation: in RPY (degree) [-90.001, 79.859, -0.001]
- Matrix:
  0.176 -0.984  0.000 -0.347
 -0.000 -0.000  1.000  0.000
 -0.984 -0.176 -0.000  2.501
  0.000  0.000  0.000  1.000
At time 1675435337.184393313
- Translation: [-0.450, 0.000, 2.505]
- Rotation: in Quaternion [-0.554, 0.440, 0.440, 0.554]
- Rotation: in RPY (radian) [-1.571, 1.342, -0.000]
- Rotation: in RPY (degree) [-90.001, 76.878, -0.001]
- Matrix:
  0.227 -0.974 -0.000 -0.450
 -0.000 -0.000  1.000  0.000
 -0.974 -0.227 -0.000  2.505
  0.000  0.000  0.000  1.000
At time 1675435337.600712448
- Translation: [-0.508, 0.000, 2.513]
- Rotation: in Quaternion [-0.553, 0.441, 0.441, 0.553]
- Rotation: in RPY (radian) [-1.571, 1.346, -0.000]
- Rotation: in RPY (degree) [-90.001, 77.115, -0.001]
- Matrix:
  0.223 -0.975 -0.000 -0.508
 -0.000 -0.000  1.000  0.000
 -0.975 -0.223 -0.000  2.513
  0.000  0.000  0.000  1.000
At time 1675435338.600784448
- Translation: [-0.512, 0.000, 2.517]
- Rotation: in Quaternion [-0.552, 0.442, 0.442, 0.552]
- Rotation: in RPY (radian) [-1.571, 1.351, -0.000]
- Rotation: in RPY (degree) [-90.001, 77.418, -0.001]
- Matrix:
  0.218 -0.976 -0.000 -0.512
 -0.000 -0.000  1.000  0.000
 -0.976 -0.218 -0.000  2.517
  0.000  0.000  0.000  1.000
At time 1675435339.520954467
- Translation: [-0.471, 0.000, 2.587]
- Rotation: in Quaternion [-0.551, 0.443, 0.443, 0.551]
- Rotation: in RPY (radian) [-1.571, 1.355, -0.000]
- Rotation: in RPY (degree) [-90.001, 77.644, -0.001]
- Matrix:
  0.214 -0.977  0.000 -0.471
 -0.000 -0.000  1.000  0.000
 -0.977 -0.214 -0.000  2.587
  0.000  0.000  0.000  1.000
At time 1675435340.560910467
- Translation: [-0.347, 0.000, 2.607]
- Rotation: in Quaternion [-0.546, 0.449, 0.449, 0.546]
- Rotation: in RPY (radian) [-1.571, 1.377, -0.000]
- Rotation: in RPY (degree) [-90.001, 78.882, -0.001]
- Matrix:
  0.193 -0.981 -0.000 -0.347
 -0.000 -0.000  1.000  0.000
 -0.981 -0.193 -0.000  2.607
  0.000  0.000  0.000  1.000
At time 1675435341.520972448
- Translation: [-0.384, 0.000, 2.570]
- Rotation: in Quaternion [-0.546, 0.449, 0.449, 0.546]
- Rotation: in RPY (radian) [-1.571, 1.376, -0.000]
- Rotation: in RPY (degree) [-90.001, 78.865, -0.001]
- Matrix:
  0.193 -0.981 -0.000 -0.384
 -0.000 -0.000  1.000  0.000
 -0.981 -0.193 -0.000  2.570
  0.000  0.000  0.000  1.000
At time 1675435342.601050448
- Translation: [-0.309, 0.000, 2.584]
- Rotation: in Quaternion [-0.542, 0.454, 0.454, 0.542]
- Rotation: in RPY (radian) [-1.571, 1.393, -0.000]
- Rotation: in RPY (degree) [-90.001, 79.834, -0.001]
- Matrix:
  0.177 -0.984 -0.000 -0.309
 -0.000 -0.000  1.000  0.000
 -0.984 -0.177 -0.000  2.584
  0.000  0.000  0.000  1.000
At time 1675435343.561116448
- Translation: [-0.452, 0.000, 2.560]
- Rotation: in Quaternion [-0.548, 0.447, 0.447, 0.548]
- Rotation: in RPY (radian) [-1.571, 1.368, -0.000]
- Rotation: in RPY (degree) [-90.001, 78.379, -0.001]
- Matrix:
  0.201 -0.980  0.000 -0.452
 -0.000 -0.000  1.000  0.000
 -0.980 -0.201 -0.000  2.560
  0.000  0.000  0.000  1.000
At time 1675435344.601202466
- Translation: [-0.320, 0.000, 2.596]
- Rotation: in Quaternion [-0.544, 0.452, 0.452, 0.544]
- Rotation: in RPY (radian) [-1.571, 1.387, -0.000]
- Rotation: in RPY (degree) [-90.001, 79.480, -0.001]
- Matrix:
  0.183 -0.983 -0.000 -0.320
 -0.000 -0.000  1.000  0.000
 -0.983 -0.183 -0.000  2.596
  0.000  0.000  0.000  1.000
At time 1675435345.521256448
- Translation: [-0.121, 0.000, 2.636]
- Rotation: in Quaternion [-0.536, 0.461, 0.461, 0.536]
- Rotation: in RPY (radian) [-1.571, 1.419, -0.000]
- Rotation: in RPY (degree) [-90.001, 81.317, -0.001]
- Matrix:
  0.151 -0.989 -0.000 -0.121
 -0.000 -0.000  1.000  0.000
 -0.989 -0.151 -0.000  2.636
  0.000  0.000  0.000  1.000
At time 1675435346.521312467
- Translation: [-0.158, 0.000, 2.588]
- Rotation: in Quaternion [-0.534, 0.464, 0.464, 0.534]
- Rotation: in RPY (radian) [-1.571, 1.431, -0.000]
- Rotation: in RPY (degree) [-90.002, 81.964, -0.001]
- Matrix:
  0.140 -0.990 -0.000 -0.158
 -0.000 -0.000  1.000  0.000
 -0.990 -0.140 -0.000  2.588
  0.000  0.000  0.000  1.000
At time 1675435347.601393448
- Translation: [-0.045, 0.000, 2.534]
- Rotation: in Quaternion [-0.524, 0.475, 0.475, 0.524]
- Rotation: in RPY (radian) [-1.571, 1.471, -0.000]
- Rotation: in RPY (degree) [-90.002, 84.304, -0.002]
- Matrix:
  0.099 -0.995 -0.000 -0.045
 -0.000 -0.000  1.000  0.000
 -0.995 -0.099 -0.000  2.534
  0.000  0.000  0.000  1.000
At time 1675435348.601563448
- Translation: [-0.077, 0.000, 2.537]
- Rotation: in Quaternion [-0.524, 0.475, 0.475, 0.524]
- Rotation: in RPY (radian) [-1.571, 1.473, -0.000]
- Rotation: in RPY (degree) [-90.002, 84.388, -0.002]
- Matrix:
  0.098 -0.995 -0.000 -0.077
 -0.000 -0.000  1.000  0.000
 -0.995 -0.098 -0.000  2.537
  0.000  0.000  0.000  1.000
At time 1675435349.521520448
- Translation: [-0.050, 0.000, 2.610]
- Rotation: in Quaternion [-0.520, 0.480, 0.480, 0.520]
- Rotation: in RPY (radian) [-1.571, 1.491, -0.000]
- Rotation: in RPY (degree) [-90.003, 85.436, -0.003]
- Matrix:
  0.080 -0.997  0.000 -0.050
 -0.000 -0.000  1.000  0.000
 -0.997 -0.080 -0.000  2.610
  0.000  0.000  0.000  1.000
At time 1675435350.521593448
- Translation: [-0.152, 0.000, 2.649]
- Rotation: in Quaternion [-0.520, 0.479, 0.479, 0.520]
- Rotation: in RPY (radian) [-1.571, 1.488, -0.000]
- Rotation: in RPY (degree) [-90.003, 85.266, -0.003]
- Matrix:
  0.083 -0.997 -0.000 -0.152
 -0.000 -0.000  1.000  0.000
 -0.997 -0.083 -0.000  2.649
  0.000  0.000  0.000  1.000
At time 1675435351.561661448
- Translation: [-0.194, 0.000, 2.643]
- Rotation: in Quaternion [-0.520, 0.479, 0.479, 0.520]
- Rotation: in RPY (radian) [-1.571, 1.488, -0.000]
- Rotation: in RPY (degree) [-90.003, 85.266, -0.003]
- Matrix:
  0.083 -0.997 -0.000 -0.194
 -0.000 -0.000  1.000  0.000
 -0.997 -0.083 -0.000  2.643
  0.000  0.000  0.000  1.000
At time 1675435352.441730449
- Translation: [-0.191, 0.000, 2.623]
- Rotation: in Quaternion [-0.522, 0.477, 0.477, 0.522]
- Rotation: in RPY (radian) [-1.571, 1.482, -0.000]
- Rotation: in RPY (degree) [-90.002, 84.896, -0.002]
- Matrix:
  0.089 -0.996 -0.000 -0.191
 -0.000 -0.000  1.000  0.000
 -0.996 -0.089 -0.000  2.623
  0.000  0.000  0.000  1.000
At time 1675435353.521787448
- Translation: [-0.163, 0.000, 2.618]
- Rotation: in Quaternion [-0.523, 0.476, 0.476, 0.523]
- Rotation: in RPY (radian) [-1.571, 1.479, -0.000]
- Rotation: in RPY (degree) [-90.002, 84.717, -0.002]
- Matrix:
  0.092 -0.996 -0.000 -0.163
 -0.000 -0.000  1.000  0.000
 -0.996 -0.092 -0.000  2.618
  0.000  0.000  0.000  1.000
At time 1675435354.601875466
- Translation: [-0.220, 0.000, 2.582]
- Rotation: in Quaternion [-0.528, 0.471, 0.471, 0.528]
- Rotation: in RPY (radian) [-1.571, 1.457, -0.000]
- Rotation: in RPY (degree) [-90.002, 83.508, -0.002]
- Matrix:
  0.113 -0.994  0.000 -0.220
 -0.000 -0.000  1.000  0.000
 -0.994 -0.113 -0.000  2.582
  0.000  0.000  0.000  1.000
At time 1675435355.601939448
- Translation: [-0.301, 0.000, 2.573]
- Rotation: in Quaternion [-0.534, 0.463, 0.463, 0.534]
- Rotation: in RPY (radian) [-1.571, 1.430, -0.000]
- Rotation: in RPY (degree) [-90.001, 81.909, -0.001]
- Matrix:
  0.141 -0.990 -0.000 -0.301
 -0.000 -0.000  1.000  0.000
 -0.990 -0.141 -0.000  2.573
  0.000  0.000  0.000  1.000
At time 1675435356.642025485
- Translation: [-0.345, 0.000, 2.572]
- Rotation: in Quaternion [-0.539, 0.458, 0.458, 0.539]
- Rotation: in RPY (radian) [-1.571, 1.409, -0.000]
- Rotation: in RPY (degree) [-90.001, 80.746, -0.001]
- Matrix:
  0.161 -0.987 -0.000 -0.345
 -0.000 -0.000  1.000  0.000
 -0.987 -0.161 -0.000  2.572
  0.000  0.000  0.000  1.000
At time 1675435357.522076448
- Translation: [-0.376, 0.000, 2.580]
- Rotation: in Quaternion [-0.542, 0.454, 0.454, 0.542]
- Rotation: in RPY (radian) [-1.571, 1.394, -0.000]
- Rotation: in RPY (degree) [-90.001, 79.880, -0.001]
- Matrix:
  0.176 -0.984  0.000 -0.376
 -0.000 -0.000  1.000  0.000
 -0.984 -0.176 -0.000  2.580
  0.000  0.000  0.000  1.000
At time 1675435358.642193467
- Translation: [-0.312, 0.000, 2.595]
- Rotation: in Quaternion [-0.542, 0.455, 0.455, 0.542]
- Rotation: in RPY (radian) [-1.571, 1.397, -0.000]
- Rotation: in RPY (degree) [-90.001, 80.035, -0.001]
- Matrix:
  0.173 -0.985 -0.000 -0.312
 -0.000 -0.000  1.000  0.000
 -0.985 -0.173 -0.000  2.595
  0.000  0.000  0.000  1.000
At time 1675435359.562224466
- Translation: [-0.192, 0.000, 2.617]
- Rotation: in Quaternion [-0.533, 0.465, 0.465, 0.533]
- Rotation: in RPY (radian) [-1.571, 1.435, -0.000]
- Rotation: in RPY (degree) [-90.002, 82.225, -0.002]
- Matrix:
  0.135 -0.991 -0.000 -0.192
 -0.000 -0.000  1.000  0.000
 -0.991 -0.135 -0.000  2.617
  0.000  0.000  0.000  1.000
At time 1675435360.602320448
- Translation: [-0.197, 0.000, 2.589]
- Rotation: in Quaternion [-0.530, 0.468, 0.468, 0.530]
- Rotation: in RPY (radian) [-1.571, 1.445, -0.000]
- Rotation: in RPY (degree) [-90.002, 82.803, -0.002]
- Matrix:
  0.125 -0.992 -0.000 -0.197
 -0.000 -0.000  1.000  0.000
 -0.992 -0.125 -0.000  2.589
  0.000  0.000  0.000  1.000
At time 1675435361.522463485
- Translation: [-0.160, 0.000, 2.563]
- Rotation: in Quaternion [-0.528, 0.470, 0.470, 0.528]
- Rotation: in RPY (radian) [-1.571, 1.455, -0.000]
- Rotation: in RPY (degree) [-90.002, 83.377, -0.002]
- Matrix:
  0.115 -0.993  0.000 -0.160
 -0.000 -0.000  1.000  0.000
 -0.993 -0.115 -0.000  2.563
  0.000  0.000  0.000  1.000
At time 1675435362.522499466
- Translation: [-0.201, 0.000, 2.541]
- Rotation: in Quaternion [-0.529, 0.469, 0.469, 0.529]
- Rotation: in RPY (radian) [-1.571, 1.452, -0.000]
- Rotation: in RPY (degree) [-90.002, 83.185, -0.002]
- Matrix:
  0.119 -0.993 -0.000 -0.201
 -0.000 -0.000  1.000  0.000
 -0.993 -0.119 -0.000  2.541
  0.000  0.000  0.000  1.000
At time 1675435363.562536448
- Translation: [-0.102, 0.000, 2.555]
- Rotation: in Quaternion [-0.527, 0.472, 0.472, 0.527]
- Rotation: in RPY (radian) [-1.571, 1.461, -0.000]
- Rotation: in RPY (degree) [-90.002, 83.706, -0.002]
- Matrix:
  0.110 -0.994  0.000 -0.102
 -0.000 -0.000  1.000  0.000
 -0.994 -0.110 -0.000  2.555
  0.000  0.000  0.000  1.000
At time 1675435364.522590466
- Translation: [-0.160, 0.000, 2.568]
- Rotation: in Quaternion [-0.529, 0.469, 0.469, 0.529]
- Rotation: in RPY (radian) [-1.571, 1.449, -0.000]
- Rotation: in RPY (degree) [-90.002, 83.044, -0.002]
- Matrix:
  0.121 -0.993 -0.000 -0.160
 -0.000 -0.000  1.000  0.000
 -0.993 -0.121 -0.000  2.568
  0.000  0.000  0.000  1.000
At time 1675435365.522668448
- Translation: [-0.293, 0.000, 2.508]
- Rotation: in Quaternion [-0.536, 0.462, 0.462, 0.536]
- Rotation: in RPY (radian) [-1.571, 1.422, -0.000]
- Rotation: in RPY (degree) [-90.001, 81.499, -0.001]
- Matrix:
  0.148 -0.989 -0.000 -0.293
 -0.000 -0.000  1.000  0.000
 -0.989 -0.148 -0.000  2.508
  0.000  0.000  0.000  1.000
At time 1675435366.602763467
- Translation: [-0.402, 0.000, 2.473]
- Rotation: in Quaternion [-0.543, 0.453, 0.453, 0.543]
- Rotation: in RPY (radian) [-1.571, 1.391, -0.000]
- Rotation: in RPY (degree) [-90.001, 79.724, -0.001]
- Matrix:
  0.178 -0.984 -0.000 -0.402
 -0.000 -0.000  1.000  0.000
 -0.984 -0.178 -0.000  2.473
  0.000  0.000  0.000  1.000
At time 1675435367.642828467
- Translation: [-0.437, 0.000, 2.479]
- Rotation: in Quaternion [-0.547, 0.448, 0.448, 0.547]
- Rotation: in RPY (radian) [-1.571, 1.374, -0.000]
- Rotation: in RPY (degree) [-90.001, 78.707, -0.001]
- Matrix:
  0.196 -0.981 -0.000 -0.437
 -0.000 -0.000  1.000  0.000
 -0.981 -0.196 -0.000  2.479
  0.000  0.000  0.000  1.000
At time 1675435368.522903466
- Translation: [-0.387, 0.000, 2.500]
- Rotation: in Quaternion [-0.543, 0.453, 0.453, 0.543]
- Rotation: in RPY (radian) [-1.571, 1.389, -0.000]
- Rotation: in RPY (degree) [-90.001, 79.579, -0.001]
- Matrix:
  0.181 -0.984 -0.000 -0.387
 -0.000 -0.000  1.000  0.000
 -0.984 -0.181 -0.000  2.500
  0.000  0.000  0.000  1.000
At time 1675435369.522973448
- Translation: [-0.206, 0.000, 2.537]
- Rotation: in Quaternion [-0.532, 0.466, 0.466, 0.532]
- Rotation: in RPY (radian) [-1.571, 1.438, -0.000]
- Rotation: in RPY (degree) [-90.002, 82.379, -0.002]
- Matrix:
  0.133 -0.991 -0.000 -0.206
 -0.000 -0.000  1.000  0.000
 -0.991 -0.133 -0.000  2.537
  0.000  0.000  0.000  1.000
At time 1675435370.523043466
- Translation: [-0.205, 0.000, 2.558]
- Rotation: in Quaternion [-0.530, 0.469, 0.469, 0.530]
- Rotation: in RPY (radian) [-1.571, 1.449, -0.000]
- Rotation: in RPY (degree) [-90.002, 83.014, -0.002]
- Matrix:
  0.122 -0.993 -0.000 -0.205
 -0.000 -0.000  1.000  0.000
 -0.993 -0.122 -0.000  2.558
  0.000  0.000  0.000  1.000
At time 1675435371.523120448
- Translation: [-0.197, 0.000, 2.549]
- Rotation: in Quaternion [-0.529, 0.470, 0.470, 0.529]
- Rotation: in RPY (radian) [-1.571, 1.453, -0.000]
- Rotation: in RPY (degree) [-90.002, 83.256, -0.002]
- Matrix:
  0.117 -0.993 -0.000 -0.197
 -0.000 -0.000  1.000  0.000
 -0.993 -0.117 -0.000  2.549
  0.000  0.000  0.000  1.000
At time 1675435372.603208466
- Translation: [-0.167, 0.000, 2.552]
- Rotation: in Quaternion [-0.527, 0.471, 0.471, 0.527]
- Rotation: in RPY (radian) [-1.571, 1.460, -0.000]
- Rotation: in RPY (degree) [-90.002, 83.640, -0.002]
- Matrix:
  0.111 -0.994 -0.000 -0.167
 -0.000 -0.000  1.000  0.000
 -0.994 -0.111 -0.000  2.552
  0.000  0.000  0.000  1.000
At time 1675435373.603295448
- Translation: [-0.115, 0.000, 2.582]
- Rotation: in Quaternion [-0.524, 0.475, 0.475, 0.524]
- Rotation: in RPY (radian) [-1.571, 1.474, -0.000]
- Rotation: in RPY (degree) [-90.002, 84.477, -0.002]
- Matrix:
  0.096 -0.995  0.000 -0.115
 -0.000 -0.000  1.000  0.000
 -0.995 -0.096 -0.000  2.582
  0.000  0.000  0.000  1.000
At time 1675435374.603358466
- Translation: [-0.138, 0.000, 2.557]
- Rotation: in Quaternion [-0.526, 0.473, 0.473, 0.526]
- Rotation: in RPY (radian) [-1.571, 1.465, -0.000]
- Rotation: in RPY (degree) [-90.002, 83.966, -0.002]
- Matrix:
  0.105 -0.994 -0.000 -0.138
 -0.000 -0.000  1.000  0.000
 -0.994 -0.105 -0.000  2.557
  0.000  0.000  0.000  1.000
At time 1675435375.563453448
- Translation: [-0.042, 0.000, 2.516]
- Rotation: in Quaternion [-0.520, 0.480, 0.480, 0.520]
- Rotation: in RPY (radian) [-1.571, 1.491, -0.000]
- Rotation: in RPY (degree) [-90.003, 85.423, -0.003]
- Matrix:
  0.080 -0.997 -0.000 -0.042
 -0.000 -0.000  1.000  0.000
 -0.997 -0.080 -0.000  2.516
  0.000  0.000  0.000  1.000
At time 1675435376.483514448
- Translation: [0.037, 0.000, 2.507]
- Rotation: in Quaternion [-0.513, 0.487, 0.487, 0.513]
- Rotation: in RPY (radian) [-1.571, 1.519, -0.000]
- Rotation: in RPY (degree) [-90.004, 87.023, -0.004]
- Matrix:
  0.052 -0.999 -0.000  0.037
 -0.000 -0.000  1.000  0.000
 -0.999 -0.052 -0.000  2.507
  0.000  0.000  0.000  1.000
At time 1675435377.523582466
- Translation: [0.050, 0.000, 2.520]
- Rotation: in Quaternion [-0.509, 0.490, 0.490, 0.509]
- Rotation: in RPY (radian) [-1.571, 1.533, -0.000]
- Rotation: in RPY (degree) [-90.006, 87.835, -0.006]
- Matrix:
  0.038 -0.999 -0.000  0.050
 -0.000 -0.000  1.000  0.000
 -0.999 -0.038 -0.000  2.520
  0.000  0.000  0.000  1.000
At time 1675435378.643664485
- Translation: [0.046, 0.000, 2.539]
- Rotation: in Quaternion [-0.507, 0.492, 0.492, 0.507]
- Rotation: in RPY (radian) [-1.571, 1.541, -0.000]
- Rotation: in RPY (degree) [-90.007, 88.282, -0.007]
- Matrix:
  0.030 -1.000 -0.000  0.046
 -0.000 -0.000  1.000  0.000
 -1.000 -0.030 -0.000  2.539
  0.000  0.000  0.000  1.000
At time 1675435379.523726467
- Translation: [0.034, 0.000, 2.547]
- Rotation: in Quaternion [-0.507, 0.493, 0.493, 0.507]
- Rotation: in RPY (radian) [-1.571, 1.542, -0.000]
- Rotation: in RPY (degree) [-90.007, 88.357, -0.007]
- Matrix:
  0.029 -1.000 -0.000  0.034
 -0.000 -0.000  1.000  0.000
 -1.000 -0.029 -0.000  2.547
  0.000  0.000  0.000  1.000
At time 1675435380.563840448
- Translation: [0.001, 0.000, 2.587]
- Rotation: in Quaternion [-0.505, 0.495, 0.495, 0.505]
- Rotation: in RPY (radian) [-1.571, 1.551, -0.000]
- Rotation: in RPY (degree) [-90.010, 88.838, -0.010]
- Matrix:
  0.020 -1.000 -0.000  0.001
 -0.000 -0.000  1.000  0.000
 -1.000 -0.020 -0.000  2.587
  0.000  0.000  0.000  1.000
At time 1675435381.603918448
- Translation: [-0.027, 0.000, 2.580]
- Rotation: in Quaternion [-0.504, 0.496, 0.496, 0.504]
- Rotation: in RPY (radian) [-1.571, 1.554, -0.000]
- Rotation: in RPY (degree) [-90.013, 89.041, -0.013]
- Matrix:
  0.017 -1.000 -0.000 -0.027
 -0.000 -0.000  1.000  0.000
 -1.000 -0.017 -0.000  2.580
  0.000  0.000  0.000  1.000
At time 1675435382.523968467
- Translation: [-0.058, 0.000, 2.565]
- Rotation: in Quaternion [-0.506, 0.494, 0.494, 0.506]
- Rotation: in RPY (radian) [-1.571, 1.548, -0.000]
- Rotation: in RPY (degree) [-90.009, 88.667, -0.009]
- Matrix:
  0.023 -1.000  0.000 -0.058
 -0.000 -0.000  1.000  0.000
 -1.000 -0.023 -0.000  2.565
  0.000  0.000  0.000  1.000
At time 1675435383.564056448
- Translation: [-0.073, 0.000, 2.520]
- Rotation: in Quaternion [-0.508, 0.492, 0.492, 0.508]
- Rotation: in RPY (radian) [-1.571, 1.539, -0.000]
- Rotation: in RPY (degree) [-90.007, 88.160, -0.007]
- Matrix:
  0.032 -0.999 -0.000 -0.073
 -0.000 -0.000  1.000  0.000
 -0.999 -0.032 -0.000  2.520
  0.000  0.000  0.000  1.000
At time 1675435384.604129467
- Translation: [-0.078, 0.000, 2.454]
- Rotation: in Quaternion [-0.511, 0.489, 0.489, 0.511]
- Rotation: in RPY (radian) [-1.571, 1.526, -0.000]
- Rotation: in RPY (degree) [-90.005, 87.448, -0.005]
- Matrix:
  0.045 -0.999  0.000 -0.078
 -0.000 -0.000  1.000  0.000
 -0.999 -0.045 -0.000  2.454
  0.000  0.000  0.000  1.000
At time 1675435385.604307448
- Translation: [-0.073, 0.000, 2.401]
- Rotation: in Quaternion [-0.512, 0.487, 0.487, 0.512]
- Rotation: in RPY (radian) [-1.571, 1.521, -0.000]
- Rotation: in RPY (degree) [-90.004, 87.163, -0.004]
- Matrix:
  0.049 -0.999 -0.000 -0.073
 -0.000 -0.000  1.000  0.000
 -0.999 -0.049 -0.000  2.401
  0.000  0.000  0.000  1.000
At time 1675435386.484286449
- Translation: [-0.057, 0.000, 2.396]
- Rotation: in Quaternion [-0.512, 0.488, 0.488, 0.512]
- Rotation: in RPY (radian) [-1.571, 1.523, -0.000]
- Rotation: in RPY (degree) [-90.004, 87.289, -0.004]
- Matrix:
  0.047 -0.999 -0.000 -0.057
 -0.000 -0.000  1.000  0.000
 -0.999 -0.047 -0.000  2.396
  0.000  0.000  0.000  1.000
At time 1675435387.604373467
- Translation: [-0.031, 0.000, 2.433]
- Rotation: in Quaternion [-0.509, 0.491, 0.491, 0.509]
- Rotation: in RPY (radian) [-1.571, 1.534, -0.000]
- Rotation: in RPY (degree) [-90.006, 87.869, -0.006]
- Matrix:
  0.037 -0.999 -0.000 -0.031
 -0.000 -0.000  1.000  0.000
 -0.999 -0.037 -0.000  2.433
  0.000  0.000  0.000  1.000
At time 1675435388.564459467
- Translation: [-0.043, 0.000, 2.488]
- Rotation: in Quaternion [-0.510, 0.490, 0.490, 0.510]
- Rotation: in RPY (radian) [-1.571, 1.530, -0.000]
- Rotation: in RPY (degree) [-90.005, 87.690, -0.005]
- Matrix:
  0.040 -0.999  0.000 -0.043
 -0.000 -0.000  1.000  0.000
 -0.999 -0.040 -0.000  2.488
  0.000  0.000  0.000  1.000
At time 1675435389.524550467
- Translation: [-0.009, 0.000, 2.458]
- Rotation: in Quaternion [-0.508, 0.492, 0.492, 0.508]
- Rotation: in RPY (radian) [-1.571, 1.540, -0.000]
- Rotation: in RPY (degree) [-90.007, 88.207, -0.007]
- Matrix:
  0.031 -1.000 -0.000 -0.009
 -0.000 -0.000  1.000  0.000
 -1.000 -0.031 -0.000  2.458
  0.000  0.000  0.000  1.000
At time 1675435390.604612448
- Translation: [-0.008, 0.000, 2.446]
- Rotation: in Quaternion [-0.509, 0.490, 0.490, 0.509]
- Rotation: in RPY (radian) [-1.571, 1.533, -0.000]
- Rotation: in RPY (degree) [-90.006, 87.816, -0.006]
- Matrix:
  0.038 -0.999 -0.000 -0.008
 -0.000 -0.000  1.000  0.000
 -0.999 -0.038 -0.000  2.446
  0.000  0.000  0.000  1.000
At time 1675435391.604683467
- Translation: [-0.012, 0.000, 2.442]
- Rotation: in Quaternion [-0.511, 0.489, 0.489, 0.511]
- Rotation: in RPY (radian) [-1.571, 1.526, -0.000]
- Rotation: in RPY (degree) [-90.005, 87.443, -0.005]
- Matrix:
  0.045 -0.999 -0.000 -0.012
 -0.000 -0.000  1.000  0.000
 -0.999 -0.045 -0.000  2.442
  0.000  0.000  0.000  1.000
At time 1675435392.484764467
- Translation: [-0.026, 0.000, 2.440]
- Rotation: in Quaternion [-0.513, 0.486, 0.486, 0.513]
- Rotation: in RPY (radian) [-1.571, 1.517, -0.000]
- Rotation: in RPY (degree) [-90.004, 86.916, -0.004]
- Matrix:
  0.054 -0.999 -0.000 -0.026
 -0.000 -0.000  1.000  0.000
 -0.999 -0.054 -0.000  2.440
  0.000  0.000  0.000  1.000
At time 1675435393.484832448
- Translation: [0.001, 0.000, 2.431]
- Rotation: in Quaternion [-0.512, 0.488, 0.488, 0.512]
- Rotation: in RPY (radian) [-1.571, 1.522, -0.000]
- Rotation: in RPY (degree) [-90.004, 87.184, -0.004]
- Matrix:
  0.049 -0.999 -0.000  0.001
 -0.000 -0.000  1.000  0.000
 -0.999 -0.049 -0.000  2.431
  0.000  0.000  0.000  1.000
At time 1675435394.604933467
- Translation: [0.015, 0.000, 2.394]
- Rotation: in Quaternion [-0.512, 0.488, 0.488, 0.512]
- Rotation: in RPY (radian) [-1.571, 1.523, -0.000]
- Rotation: in RPY (degree) [-90.004, 87.287, -0.004]
- Matrix:
  0.047 -0.999 -0.000  0.015
 -0.000 -0.000  1.000  0.000
 -0.999 -0.047 -0.000  2.394
  0.000  0.000  0.000  1.000
At time 1675435395.645025466
- Translation: [0.020, 0.000, 2.380]
- Rotation: in Quaternion [-0.512, 0.488, 0.488, 0.512]
- Rotation: in RPY (radian) [-1.571, 1.524, -0.000]
- Rotation: in RPY (degree) [-90.005, 87.328, -0.005]
- Matrix:
  0.047 -0.999  0.000  0.020
 -0.000 -0.000  1.000  0.000
 -0.999 -0.047 -0.000  2.380
  0.000  0.000  0.000  1.000
At time 1675435396.605196448
- Translation: [-0.006, 0.000, 2.396]
- Rotation: in Quaternion [-0.513, 0.486, 0.486, 0.513]
- Rotation: in RPY (radian) [-1.571, 1.517, -0.000]
- Rotation: in RPY (degree) [-90.004, 86.922, -0.004]
- Matrix:
  0.054 -0.999 -0.000 -0.006
 -0.000 -0.000  1.000  0.000
 -0.999 -0.054 -0.000  2.396
  0.000  0.000  0.000  1.000
At time 1675435397.605183467
- Translation: [-0.016, 0.000, 2.417]
- Rotation: in Quaternion [-0.514, 0.486, 0.486, 0.514]
- Rotation: in RPY (radian) [-1.571, 1.516, -0.000]
- Rotation: in RPY (degree) [-90.004, 86.834, -0.004]
- Matrix:
  0.055 -0.998 -0.000 -0.016
 -0.000 -0.000  1.000  0.000
 -0.998 -0.055 -0.000  2.417
  0.000  0.000  0.000  1.000
At time 1675435398.525250448
- Translation: [0.042, 0.000, 2.443]
- Rotation: in Quaternion [-0.504, 0.496, 0.496, 0.504]
- Rotation: in RPY (radian) [-1.571, 1.554, -0.000]
- Rotation: in RPY (degree) [-90.013, 89.039, -0.013]
- Matrix:
  0.017 -1.000 -0.000  0.042
 -0.000 -0.000  1.000  0.000
 -1.000 -0.017 -0.000  2.443
  0.000  0.000  0.000  1.000
At time 1675435399.605331467
- Translation: [0.062, 0.000, 2.418]
- Rotation: in Quaternion [-0.503, 0.497, 0.497, 0.503]
- Rotation: in RPY (radian) [-1.571, 1.559, -0.000]
- Rotation: in RPY (degree) [-90.018, 89.336, -0.018]
- Matrix:
  0.012 -1.000 -0.000  0.062
 -0.000 -0.000  1.000  0.000
 -1.000 -0.012 -0.000  2.418
  0.000  0.000  0.000  1.000
At time 1675435400.645436467
- Translation: [0.073, 0.000, 2.404]
- Rotation: in Quaternion [-0.502, 0.498, 0.498, 0.502]
- Rotation: in RPY (radian) [-1.571, 1.565, -0.001]
- Rotation: in RPY (degree) [-90.034, 89.645, -0.034]
- Matrix:
  0.006 -1.000  0.000  0.073
 -0.000 -0.000  1.000  0.000
 -1.000 -0.006 -0.000  2.404
  0.000  0.000  0.000  1.000
At time 1675435401.605496448
- Translation: [0.069, 0.000, 2.375]
- Rotation: in Quaternion [-0.501, 0.499, 0.499, 0.501]
- Rotation: in RPY (radian) [-1.572, 1.567, -0.001]
- Rotation: in RPY (degree) [-90.052, 89.767, -0.052]
- Matrix:
  0.004 -1.000 -0.000  0.069
 -0.000 -0.000  1.000  0.000
 -1.000 -0.004 -0.000  2.375
  0.000  0.000  0.000  1.000
At time 1675435402.605590466
- Translation: [0.055, 0.000, 2.384]
- Rotation: in Quaternion [-0.502, 0.498, 0.498, 0.502]
- Rotation: in RPY (radian) [-1.571, 1.562, -0.000]
- Rotation: in RPY (degree) [-90.024, 89.489, -0.024]
- Matrix:
  0.009 -1.000 -0.000  0.055
 -0.000 -0.000  1.000  0.000
 -1.000 -0.009 -0.000  2.384
  0.000  0.000  0.000  1.000
At time 1675435403.405649467
- Translation: [0.052, 0.000, 2.358]
- Rotation: in Quaternion [-0.503, 0.497, 0.497, 0.503]
- Rotation: in RPY (radian) [-1.571, 1.560, -0.000]
- Rotation: in RPY (degree) [-90.020, 89.386, -0.020]
- Matrix:
  0.011 -1.000  0.000  0.052
 -0.000 -0.000  1.000  0.000
 -1.000 -0.011 -0.000  2.358
  0.000  0.000  0.000  1.000
At time 1675435404.525754467
- Translation: [0.046, 0.000, 2.328]
- Rotation: in Quaternion [-0.504, 0.496, 0.496, 0.504]
- Rotation: in RPY (radian) [-1.571, 1.556, -0.000]
- Rotation: in RPY (degree) [-90.015, 89.170, -0.015]
- Matrix:
  0.014 -1.000 -0.000  0.046
 -0.000 -0.000  1.000  0.000
 -1.000 -0.014 -0.000  2.328
  0.000  0.000  0.000  1.000
At time 1675435406.184403835
- Translation: [0.103, 0.000, 2.318]
- Rotation: in Quaternion [-0.499, 0.501, 0.501, 0.499]
- Rotation: in RPY (radian) [1.572, 1.567, -3.141]
- Rotation: in RPY (degree) [90.059, 89.795, -179.941]
- Matrix:
 -0.004 -1.000 -0.000  0.103
 -0.000  0.000  1.000  0.000
 -1.000  0.004 -0.000  2.318
  0.000  0.000  0.000  1.000
At time 1675435407.184525058
- Translation: [0.121, 0.000, 2.318]
- Rotation: in Quaternion [-0.498, 0.502, 0.502, 0.498]
- Rotation: in RPY (radian) [1.571, 1.564, -3.141]
- Rotation: in RPY (degree) [90.030, 89.602, -179.970]
- Matrix:
 -0.007 -1.000  0.000  0.121
 -0.000  0.000  1.000  0.000
 -1.000  0.007 -0.000  2.318
  0.000  0.000  0.000  1.000
At time 1675435408.184389567
- Translation: [0.141, 0.000, 2.282]
- Rotation: in Quaternion [-0.497, 0.503, 0.503, 0.497]
- Rotation: in RPY (radian) [1.571, 1.560, -3.141]
- Rotation: in RPY (degree) [90.020, 89.410, -179.980]
- Matrix:
 -0.010 -1.000 -0.000  0.141
 -0.000  0.000  1.000  0.000
 -1.000  0.010 -0.000  2.282
  0.000  0.000  0.000  1.000
At time 1675435409.184386497
- Translation: [0.163, 0.000, 2.250]
- Rotation: in Quaternion [-0.497, 0.503, 0.503, 0.497]
- Rotation: in RPY (radian) [1.571, 1.557, -3.141]
- Rotation: in RPY (degree) [90.015, 89.217, -179.985]
- Matrix:
 -0.014 -1.000 -0.000  0.163
 -0.000  0.000  1.000  0.000
 -1.000  0.014 -0.000  2.250
  0.000  0.000  0.000  1.000
At time 1675435410.184404640
- Translation: [0.187, 0.000, 2.221]
- Rotation: in Quaternion [-0.496, 0.504, 0.504, 0.496]
- Rotation: in RPY (radian) [1.571, 1.554, -3.141]
- Rotation: in RPY (degree) [90.012, 89.024, -179.988]
- Matrix:
 -0.017 -1.000 -0.000  0.187
 -0.000  0.000  1.000  0.000
 -1.000  0.017 -0.000  2.221
  0.000  0.000  0.000  1.000
At time 1675435411.184472491
- Translation: [0.214, 0.000, 2.196]
- Rotation: in Quaternion [-0.495, 0.505, 0.505, 0.495]
- Rotation: in RPY (radian) [1.571, 1.550, -3.141]
- Rotation: in RPY (degree) [90.010, 88.831, -179.990]
- Matrix:
 -0.020 -1.000 -0.000  0.214
 -0.000  0.000  1.000  0.000
 -1.000  0.020 -0.000  2.196
  0.000  0.000  0.000  1.000
