image_width: 640
image_height: 480
camera_name: narrow_stereo
camera_matrix:
  rows: 3
  cols: 3
  data: [453.42872,   0.     , 318.74788,
           0.     , 450.98767, 243.66674,
           0.     ,   0.     ,   1.     ]
distortion_model: plumb_bob
distortion_coefficients:
  rows: 1
  cols: 5
  data: [-0.349423, 0.101701, 0.001929, 0.002288, 0.000000]
rectification_matrix:
  rows: 3
  cols: 3
  data: [1., 0., 0.,
         0., 1., 0.,
         0., 0., 1.]
projection_matrix:
  rows: 3
  cols: 4
  data: [355.16644,   0.     , 321.42238,   0.     ,
           0.     , 399.26993, 245.41538,   0.     ,
           0.     ,   0.     ,   1.     ,   0.     ]
