image_width: 640
image_height: 480
camera_name: narrow_stereo
camera_matrix:
  rows: 3
  cols: 3
  data: [464.84045,   0.     , 326.78535,
           0.     , 464.71399, 239.46878,
           0.     ,   0.     ,   1.     ]
distortion_model: plumb_bob
distortion_coefficients:
  rows: 1
  cols: 5
  data: [-0.381409, 0.129842, 0.001546, 0.001940, 0.000000]
rectification_matrix:
  rows: 3
  cols: 3
  data: [1., 0., 0.,
         0., 1., 0.,
         0., 0., 1.]
projection_matrix:
  rows: 3
  cols: 4
  data: [363.25085,   0.     , 333.1308 ,   0.     ,
           0.     , 410.44919, 239.75925,   0.     ,
           0.     ,   0.     ,   1.     ,   0.     ]
