image_width: 320
image_height: 240
camera_name: cam_0
camera_matrix:
  rows: 3
  cols: 3
  data: [355.668912, 0.000000, 168.714717,
         0.000000, 356.736779, 86.499817,
         0.000000, 0.000000, 1.000000]
distortion_model: plumb_bob
distortion_coefficients:
  rows: 1
  cols: 5
  data: [-0.255325, 0.177240, -0.015949, -0.005432, 0.000000]
rectification_matrix:
  rows: 3
  cols: 3
  data: [1.000000, 0.000000, 0.000000,
         0.000000, 1.000000, 0.000000,
         0.000000, 0.000000, 1.000000]
projection_matrix:
  rows: 3
  cols: 4
  data: [338.231140, 0.000000, 167.548320, 0.000000,
         0.000000, 339.012848, 82.422738, 0.000000,
         0.000000, 0.000000, 1.000000, 0.000000]