At time 1675435318.359541448
- Translation: [-0.115, 0.000, 2.607]
- Rotation: in Quaternion [-0.508, 0.492, 0.492, 0.508]
- Rotation: in RPY (radian) [-1.571, 1.540, -0.000]
- Rotation: in RPY (degree) [-90.007, 88.239, -0.007]
- Matrix:
  0.031 -1.000 -0.000 -0.115
 -0.000 -0.000  1.000  0.000
 -1.000 -0.031 -0.000  2.607
  0.000  0.000  0.000  1.000
At time 1675435319.199632467
- Translation: [-0.111, 0.000, 2.613]
- Rotation: in Quaternion [-0.507, 0.493, 0.493, 0.507]
- Rotation: in RPY (radian) [-1.571, 1.542, -0.000]
- Rotation: in RPY (degree) [-90.007, 88.323, -0.007]
- Matrix:
  0.029 -1.000  0.000 -0.111
 -0.000 -0.000  1.000  0.000
 -1.000 -0.029 -0.000  2.613
  0.000  0.000  0.000  1.000
At time 1675435320.479656448
- Translation: [-0.144, 0.000, 2.609]
- Rotation: in Quaternion [-0.509, 0.491, 0.491, 0.509]
- Rotation: in RPY (radian) [-1.571, 1.535, -0.000]
- Rotation: in RPY (degree) [-90.006, 87.940, -0.006]
- Matrix:
  0.036 -0.999  0.000 -0.144
 -0.000 -0.000  1.000  0.000
 -0.999 -0.036 -0.000  2.609
  0.000  0.000  0.000  1.000
At time 1675435321.279709467
- Translation: [-0.119, 0.000, 2.607]
- Rotation: in Quaternion [-0.508, 0.492, 0.492, 0.508]
- Rotation: in RPY (radian) [-1.571, 1.539, -0.000]
- Rotation: in RPY (degree) [-90.007, 88.156, -0.007]
- Matrix:
  0.032 -0.999  0.000 -0.119
 -0.000 -0.000  1.000  0.000
 -0.999 -0.032 -0.000  2.607
  0.000  0.000  0.000  1.000
At time 1675435322.479783467
- Translation: [-0.084, 0.000, 2.626]
- Rotation: in Quaternion [-0.506, 0.494, 0.494, 0.506]
- Rotation: in RPY (radian) [-1.571, 1.547, -0.000]
- Rotation: in RPY (degree) [-90.009, 88.618, -0.009]
- Matrix:
  0.024 -1.000 -0.000 -0.084
 -0.000 -0.000  1.000  0.000
 -1.000 -0.024 -0.000  2.626
  0.000  0.000  0.000  1.000
At time 1675435323.399829467
- Translation: [-0.121, 0.000, 2.618]
- Rotation: in Quaternion [-0.507, 0.493, 0.493, 0.507]
- Rotation: in RPY (radian) [-1.571, 1.541, -0.000]
- Rotation: in RPY (degree) [-90.007, 88.300, -0.007]
- Matrix:
  0.030 -1.000 -0.000 -0.121
 -0.000 -0.000  1.000  0.000
 -1.000 -0.030 -0.000  2.618
  0.000  0.000  0.000  1.000
At time 1675435324.319894448
- Translation: [-0.143, 0.000, 2.614]
- Rotation: in Quaternion [-0.508, 0.491, 0.491, 0.508]
- Rotation: in RPY (radian) [-1.571, 1.537, -0.000]
- Rotation: in RPY (degree) [-90.006, 88.048, -0.006]
- Matrix:
  0.034 -0.999  0.000 -0.143
 -0.000 -0.000  1.000  0.000
 -0.999 -0.034 -0.000  2.614
  0.000  0.000  0.000  1.000
At time 1675435325.279955448
- Translation: [-0.142, 0.000, 2.611]
- Rotation: in Quaternion [-0.509, 0.491, 0.491, 0.509]
- Rotation: in RPY (radian) [-1.571, 1.535, -0.000]
- Rotation: in RPY (degree) [-90.006, 87.940, -0.006]
- Matrix:
  0.036 -0.999  0.000 -0.142
 -0.000 -0.000  1.000  0.000
 -0.999 -0.036 -0.000  2.611
  0.000  0.000  0.000  1.000
At time 1675435326.400020448
- Translation: [-0.128, 0.000, 2.612]
- Rotation: in Quaternion [-0.509, 0.491, 0.491, 0.509]
- Rotation: in RPY (radian) [-1.571, 1.536, -0.000]
- Rotation: in RPY (degree) [-90.006, 88.006, -0.006]
- Matrix:
  0.035 -0.999  0.000 -0.128
 -0.000 -0.000  1.000  0.000
 -0.999 -0.035 -0.000  2.612
  0.000  0.000  0.000  1.000
At time 1675435327.400072448
- Translation: [-0.100, 0.000, 2.622]
- Rotation: in Quaternion [-0.507, 0.492, 0.492, 0.507]
- Rotation: in RPY (radian) [-1.571, 1.541, -0.000]
- Rotation: in RPY (degree) [-90.007, 88.280, -0.007]
- Matrix:
  0.030 -1.000 -0.000 -0.100
 -0.000 -0.000  1.000  0.000
 -1.000 -0.030 -0.000  2.622
  0.000  0.000  0.000  1.000
At time 1675435328.360125448
- Translation: [-0.106, 0.000, 2.629]
- Rotation: in Quaternion [-0.507, 0.492, 0.492, 0.507]
- Rotation: in RPY (radian) [-1.571, 1.541, -0.000]
- Rotation: in RPY (degree) [-90.007, 88.284, -0.007]
- Matrix:
  0.030 -1.000 -0.000 -0.106
 -0.000 -0.000  1.000  0.000
 -1.000 -0.030 -0.000  2.629
  0.000  0.000  0.000  1.000
At time 1675435329.360187466
- Translation: [-0.142, 0.000, 2.627]
- Rotation: in Quaternion [-0.509, 0.490, 0.490, 0.509]
- Rotation: in RPY (radian) [-1.571, 1.533, -0.000]
- Rotation: in RPY (degree) [-90.006, 87.837, -0.006]
- Matrix:
  0.038 -0.999 -0.000 -0.142
 -0.000 -0.000  1.000  0.000
 -0.999 -0.038 -0.000  2.627
  0.000  0.000  0.000  1.000
At time 1675435330.784401571
- Translation: [-0.372, 0.000, 2.622]
- Rotation: in Quaternion [-0.520, 0.480, 0.480, 0.520]
- Rotation: in RPY (radian) [-1.571, 1.491, -0.000]
- Rotation: in RPY (degree) [-90.003, 85.409, -0.003]
- Matrix:
  0.080 -0.997 -0.000 -0.372
 -0.000 -0.000  1.000  0.000
 -0.997 -0.080 -0.000  2.622
  0.000  0.000  0.000  1.000
At time 1675435331.400318448
- Translation: [-0.486, 0.000, 2.628]
- Rotation: in Quaternion [-0.520, 0.479, 0.479, 0.520]
- Rotation: in RPY (radian) [-1.571, 1.489, -0.000]
- Rotation: in RPY (degree) [-90.003, 85.291, -0.003]
- Matrix:
  0.082 -0.997 -0.000 -0.486
 -0.000 -0.000  1.000  0.000
 -0.997 -0.082 -0.000  2.628
  0.000  0.000  0.000  1.000
At time 1675435332.320377448
- Translation: [-0.396, 0.000, 2.642]
- Rotation: in Quaternion [-0.515, 0.484, 0.484, 0.515]
- Rotation: in RPY (radian) [-1.571, 1.509, -0.000]
- Rotation: in RPY (degree) [-90.003, 86.485, -0.003]
- Matrix:
  0.061 -0.998 -0.000 -0.396
 -0.000 -0.000  1.000  0.000
 -0.998 -0.061 -0.000  2.642
  0.000  0.000  0.000  1.000
At time 1675435333.400449448
- Translation: [-0.293, 0.000, 2.605]
- Rotation: in Quaternion [-0.516, 0.484, 0.484, 0.516]
- Rotation: in RPY (radian) [-1.571, 1.507, -0.000]
- Rotation: in RPY (degree) [-90.003, 86.327, -0.003]
- Matrix:
  0.064 -0.998 -0.000 -0.293
 -0.000 -0.000  1.000  0.000
 -0.998 -0.064 -0.000  2.605
  0.000  0.000  0.000  1.000
At time 1675435334.320527467
- Translation: [-0.319, 0.000, 2.583]
- Rotation: in Quaternion [-0.523, 0.476, 0.476, 0.523]
- Rotation: in RPY (radian) [-1.571, 1.478, -0.000]
- Rotation: in RPY (degree) [-90.002, 84.683, -0.002]
- Matrix:
  0.093 -0.996 -0.000 -0.319
 -0.000 -0.000  1.000  0.000
 -0.996 -0.093 -0.000  2.583
  0.000  0.000  0.000  1.000
At time 1675435335.320565466
- Translation: [-0.347, 0.000, 2.523]
- Rotation: in Quaternion [-0.536, 0.461, 0.461, 0.536]
- Rotation: in RPY (radian) [-1.571, 1.420, -0.000]
- Rotation: in RPY (degree) [-90.001, 81.347, -0.001]
- Matrix:
  0.150 -0.989 -0.000 -0.347
 -0.000 -0.000  1.000  0.000
 -0.989 -0.150 -0.000  2.523
  0.000  0.000  0.000  1.000
At time 1675435336.584390055
- Translation: [-0.398, 0.000, 2.424]
- Rotation: in Quaternion [-0.532, 0.466, 0.466, 0.532]
- Rotation: in RPY (radian) [-1.571, 1.439, -0.000]
- Rotation: in RPY (degree) [-90.002, 82.460, -0.002]
- Matrix:
  0.131 -0.991 -0.000 -0.398
 -0.000 -0.000  1.000  0.000
 -0.991 -0.131 -0.000  2.424
  0.000  0.000  0.000  1.000
At time 1675435337.360790448
- Translation: [-0.456, 0.000, 2.524]
- Rotation: in Quaternion [-0.539, 0.458, 0.458, 0.539]
- Rotation: in RPY (radian) [-1.571, 1.410, -0.000]
- Rotation: in RPY (degree) [-90.001, 80.787, -0.001]
- Matrix:
  0.160 -0.987 -0.000 -0.456
 -0.000 -0.000  1.000  0.000
 -0.987 -0.160 -0.000  2.524
  0.000  0.000  0.000  1.000
At time 1675435338.440763448
- Translation: [-0.458, 0.000, 2.520]
- Rotation: in Quaternion [-0.537, 0.460, 0.460, 0.537]
- Rotation: in RPY (radian) [-1.571, 1.417, -0.000]
- Rotation: in RPY (degree) [-90.001, 81.167, -0.001]
- Matrix:
  0.154 -0.988 -0.000 -0.458
 -0.000 -0.000  1.000  0.000
 -0.988 -0.154 -0.000  2.520
  0.000  0.000  0.000  1.000
At time 1675435339.200818448
- Translation: [-0.510, 0.000, 2.518]
- Rotation: in Quaternion [-0.539, 0.458, 0.458, 0.539]
- Rotation: in RPY (radian) [-1.571, 1.408, -0.000]
- Rotation: in RPY (degree) [-90.001, 80.668, -0.001]
- Matrix:
  0.162 -0.987  0.000 -0.510
 -0.000 -0.000  1.000  0.000
 -0.987 -0.162 -0.000  2.518
  0.000  0.000  0.000  1.000
At time 1675435340.240895467
- Translation: [-0.413, 0.000, 2.526]
- Rotation: in Quaternion [-0.536, 0.461, 0.461, 0.536]
- Rotation: in RPY (radian) [-1.571, 1.421, -0.000]
- Rotation: in RPY (degree) [-90.001, 81.438, -0.001]
- Matrix:
  0.149 -0.989 -0.000 -0.413
 -0.000 -0.000  1.000  0.000
 -0.989 -0.149 -0.000  2.526
  0.000  0.000  0.000  1.000
At time 1675435341.320958466
- Translation: [-0.340, 0.000, 2.518]
- Rotation: in Quaternion [-0.532, 0.466, 0.466, 0.532]
- Rotation: in RPY (radian) [-1.571, 1.440, -0.000]
- Rotation: in RPY (degree) [-90.002, 82.485, -0.002]
- Matrix:
  0.131 -0.991 -0.000 -0.340
 -0.000 -0.000  1.000  0.000
 -0.991 -0.131 -0.000  2.518
  0.000  0.000  0.000  1.000
At time 1675435342.321055466
- Translation: [-0.347, 0.000, 2.442]
- Rotation: in Quaternion [-0.532, 0.466, 0.466, 0.532]
- Rotation: in RPY (radian) [-1.571, 1.439, -0.000]
- Rotation: in RPY (degree) [-90.002, 82.477, -0.002]
- Matrix:
  0.131 -0.991 -0.000 -0.347
 -0.000 -0.000  1.000  0.000
 -0.991 -0.131 -0.000  2.442
  0.000  0.000  0.000  1.000
At time 1675435343.321090448
- Translation: [-0.419, 0.000, 2.397]
- Rotation: in Quaternion [-0.534, 0.463, 0.463, 0.534]
- Rotation: in RPY (radian) [-1.571, 1.429, -0.000]
- Rotation: in RPY (degree) [-90.001, 81.891, -0.001]
- Matrix:
  0.141 -0.990 -0.000 -0.419
 -0.000 -0.000  1.000  0.000
 -0.990 -0.141 -0.000  2.397
  0.000  0.000  0.000  1.000
At time 1675435344.401185467
- Translation: [-0.330, 0.000, 2.352]
- Rotation: in Quaternion [-0.532, 0.465, 0.465, 0.532]
- Rotation: in RPY (radian) [-1.571, 1.437, -0.000]
- Rotation: in RPY (degree) [-90.002, 82.320, -0.002]
- Matrix:
  0.134 -0.991 -0.000 -0.330
 -0.000 -0.000  1.000  0.000
 -0.991 -0.134 -0.000  2.352
  0.000  0.000  0.000  1.000
At time 1675435345.401274467
- Translation: [-0.090, 0.000, 2.375]
- Rotation: in Quaternion [-0.521, 0.478, 0.478, 0.521]
- Rotation: in RPY (radian) [-1.571, 1.485, -0.000]
- Rotation: in RPY (degree) [-90.002, 85.106, -0.002]
- Matrix:
  0.085 -0.996 -0.000 -0.090
 -0.000 -0.000  1.000  0.000
 -0.996 -0.085 -0.000  2.375
  0.000  0.000  0.000  1.000
At time 1675435346.401302448
- Translation: [-0.137, 0.000, 2.317]
- Rotation: in Quaternion [-0.516, 0.484, 0.484, 0.516]
- Rotation: in RPY (radian) [-1.571, 1.506, -0.000]
- Rotation: in RPY (degree) [-90.003, 86.283, -0.003]
- Matrix:
  0.065 -0.998 -0.000 -0.137
 -0.000 -0.000  1.000  0.000
 -0.998 -0.065 -0.000  2.317
  0.000  0.000  0.000  1.000
At time 1675435347.321374466
- Translation: [-0.049, 0.000, 2.268]
- Rotation: in Quaternion [-0.508, 0.492, 0.492, 0.508]
- Rotation: in RPY (radian) [-1.571, 1.540, -0.000]
- Rotation: in RPY (degree) [-90.007, 88.220, -0.007]
- Matrix:
  0.031 -1.000  0.000 -0.049
 -0.000 -0.000  1.000  0.000
 -1.000 -0.031 -0.000  2.268
  0.000  0.000  0.000  1.000
At time 1675435348.441489448
- Translation: [-0.047, 0.000, 2.242]
- Rotation: in Quaternion [-0.504, 0.496, 0.496, 0.504]
- Rotation: in RPY (radian) [-1.571, 1.553, -0.000]
- Rotation: in RPY (degree) [-90.012, 89.002, -0.012]
- Matrix:
  0.017 -1.000  0.000 -0.047
 -0.000 -0.000  1.000  0.000
 -1.000 -0.017 -0.000  2.242
  0.000  0.000  0.000  1.000
At time 1675435349.361499467
- Translation: [-0.032, 0.000, 2.310]
- Rotation: in Quaternion [-0.498, 0.502, 0.502, 0.498]
- Rotation: in RPY (radian) [1.571, 1.563, -3.141]
- Rotation: in RPY (degree) [90.026, 89.540, -179.974]
- Matrix:
 -0.008 -1.000 -0.000 -0.032
 -0.000  0.000  1.000  0.000
 -1.000  0.008 -0.000  2.310
  0.000  0.000  0.000  1.000
At time 1675435350.241573467
- Translation: [-0.136, 0.000, 2.322]
- Rotation: in Quaternion [-0.499, 0.501, 0.501, 0.499]
- Rotation: in RPY (radian) [1.572, 1.567, -3.141]
- Rotation: in RPY (degree) [90.057, 89.789, -179.943]
- Matrix:
 -0.004 -1.000 -0.000 -0.136
 -0.000  0.000  1.000  0.000
 -1.000  0.004 -0.000  2.322
  0.000  0.000  0.000  1.000
At time 1675435351.401660467
- Translation: [-0.197, 0.000, 2.271]
- Rotation: in Quaternion [-0.499, 0.501, 0.501, 0.499]
- Rotation: in RPY (radian) [1.572, 1.568, -3.140]
- Rotation: in RPY (degree) [90.071, 89.830, -179.929]
- Matrix:
 -0.003 -1.000 -0.000 -0.197
 -0.000  0.000  1.000  0.000
 -1.000  0.003 -0.000  2.271
  0.000  0.000  0.000  1.000
At time 1675435352.321753467
- Translation: [-0.179, 0.000, 2.227]
- Rotation: in Quaternion [-0.500, 0.500, 0.500, 0.500]
- Rotation: in RPY (radian) [1.574, 1.569, -3.139]
- Rotation: in RPY (degree) [90.160, 89.925, -179.840]
- Matrix:
 -0.001 -1.000 -0.000 -0.179
 -0.000  0.000  1.000  0.000
 -1.000  0.001 -0.000  2.227
  0.000  0.000  0.000  1.000
At time 1675435353.401793467
- Translation: [-0.135, 0.000, 2.171]
- Rotation: in Quaternion [-0.500, 0.500, 0.500, 0.500]
- Rotation: in RPY (radian) [1.574, 1.569, -3.139]
- Rotation: in RPY (degree) [90.155, 89.922, -179.845]
- Matrix:
 -0.001 -1.000 -0.000 -0.135
 -0.000  0.000  1.000  0.000
 -1.000  0.001 -0.000  2.171
  0.000  0.000  0.000  1.000
At time 1675435354.401852448
- Translation: [-0.171, 0.000, 2.105]
- Rotation: in Quaternion [-0.504, 0.496, 0.496, 0.504]
- Rotation: in RPY (radian) [-1.571, 1.554, -0.000]
- Rotation: in RPY (degree) [-90.013, 89.058, -0.013]
- Matrix:
  0.016 -1.000  0.000 -0.171
 -0.000 -0.000  1.000  0.000
 -1.000 -0.016 -0.000  2.105
  0.000  0.000  0.000  1.000
At time 1675435355.321932448
- Translation: [-0.263, 0.000, 2.090]
- Rotation: in Quaternion [-0.512, 0.488, 0.488, 0.512]
- Rotation: in RPY (radian) [-1.571, 1.524, -0.000]
- Rotation: in RPY (degree) [-90.004, 87.309, -0.004]
- Matrix:
  0.047 -0.999 -0.000 -0.263
 -0.000 -0.000  1.000  0.000
 -0.999 -0.047 -0.000  2.090
  0.000  0.000  0.000  1.000
At time 1675435356.441993467
- Translation: [-0.304, 0.000, 2.084]
- Rotation: in Quaternion [-0.517, 0.482, 0.482, 0.517]
- Rotation: in RPY (radian) [-1.571, 1.500, -0.000]
- Rotation: in RPY (degree) [-90.003, 85.943, -0.003]
- Matrix:
  0.071 -0.997 -0.000 -0.304
 -0.000 -0.000  1.000  0.000
 -0.997 -0.071 -0.000  2.084
  0.000  0.000  0.000  1.000
At time 1675435357.322079448
- Translation: [-0.327, 0.000, 2.094]
- Rotation: in Quaternion [-0.521, 0.478, 0.478, 0.521]
- Rotation: in RPY (radian) [-1.571, 1.485, -0.000]
- Rotation: in RPY (degree) [-90.002, 85.087, -0.002]
- Matrix:
  0.086 -0.996 -0.000 -0.327
 -0.000 -0.000  1.000  0.000
 -0.996 -0.086 -0.000  2.094
  0.000  0.000  0.000  1.000
At time 1675435358.362142466
- Translation: [-0.297, 0.000, 2.125]
- Rotation: in Quaternion [-0.521, 0.478, 0.478, 0.521]
- Rotation: in RPY (radian) [-1.571, 1.485, -0.000]
- Rotation: in RPY (degree) [-90.002, 85.085, -0.002]
- Matrix:
  0.086 -0.996  0.000 -0.297
 -0.000 -0.000  1.000  0.000
 -0.996 -0.086 -0.000  2.125
  0.000  0.000  0.000  1.000
At time 1675435359.482235467
- Translation: [-0.147, 0.000, 2.096]
- Rotation: in Quaternion [-0.513, 0.486, 0.486, 0.513]
- Rotation: in RPY (radian) [-1.571, 1.517, -0.000]
- Rotation: in RPY (degree) [-90.004, 86.909, -0.004]
- Matrix:
  0.054 -0.999 -0.000 -0.147
 -0.000 -0.000  1.000  0.000
 -0.999 -0.054 -0.000  2.096
  0.000  0.000  0.000  1.000
At time 1675435360.442299466
- Translation: [-0.174, 0.000, 2.020]
- Rotation: in Quaternion [-0.512, 0.488, 0.488, 0.512]
- Rotation: in RPY (radian) [-1.571, 1.524, -0.000]
- Rotation: in RPY (degree) [-90.004, 87.306, -0.004]
- Matrix:
  0.047 -0.999 -0.000 -0.174
 -0.000 -0.000  1.000  0.000
 -0.999 -0.047 -0.000  2.020
  0.000  0.000  0.000  1.000
At time 1675435361.384407267
- Translation: [-0.133, 0.000, 1.963]
- Rotation: in Quaternion [-0.511, 0.489, 0.489, 0.511]
- Rotation: in RPY (radian) [-1.571, 1.528, -0.000]
- Rotation: in RPY (degree) [-90.005, 87.556, -0.005]
- Matrix:
  0.043 -0.999 -0.000 -0.133
 -0.000 -0.000  1.000  0.000
 -0.999 -0.043 -0.000  1.963
  0.000  0.000  0.000  1.000
At time 1675435362.402431467
- Translation: [-0.158, 0.000, 1.897]
- Rotation: in Quaternion [-0.508, 0.492, 0.492, 0.508]
- Rotation: in RPY (radian) [-1.571, 1.539, -0.000]
- Rotation: in RPY (degree) [-90.007, 88.204, -0.007]
- Matrix:
  0.031 -1.000 -0.000 -0.158
 -0.000 -0.000  1.000  0.000
 -1.000 -0.031 -0.000  1.897
  0.000  0.000  0.000  1.000
At time 1675435363.242496467
- Translation: [-0.083, 0.000, 1.886]
- Rotation: in Quaternion [-0.507, 0.493, 0.493, 0.507]
- Rotation: in RPY (radian) [-1.571, 1.544, -0.000]
- Rotation: in RPY (degree) [-90.008, 88.471, -0.008]
- Matrix:
  0.027 -1.000  0.000 -0.083
 -0.000 -0.000  1.000  0.000
 -1.000 -0.027 -0.000  1.886
  0.000  0.000  0.000  1.000
At time 1675435364.242592467
- Translation: [-0.097, 0.000, 1.856]
- Rotation: in Quaternion [-0.508, 0.492, 0.492, 0.508]
- Rotation: in RPY (radian) [-1.571, 1.538, -0.000]
- Rotation: in RPY (degree) [-90.006, 88.104, -0.006]
- Matrix:
  0.033 -0.999 -0.000 -0.097
 -0.000 -0.000  1.000  0.000
 -0.999 -0.033 -0.000  1.856
  0.000  0.000  0.000  1.000
At time 1675435365.322665448
- Translation: [-0.213, 0.000, 1.770]
- Rotation: in Quaternion [-0.515, 0.485, 0.485, 0.515]
- Rotation: in RPY (radian) [-1.571, 1.511, -0.000]
- Rotation: in RPY (degree) [-90.004, 86.588, -0.004]
- Matrix:
  0.060 -0.998 -0.000 -0.213
 -0.000 -0.000  1.000  0.000
 -0.998 -0.060 -0.000  1.770
  0.000  0.000  0.000  1.000
At time 1675435366.322732448
- Translation: [-0.313, 0.000, 1.733]
- Rotation: in Quaternion [-0.522, 0.477, 0.477, 0.522]
- Rotation: in RPY (radian) [-1.571, 1.480, -0.000]
- Rotation: in RPY (degree) [-90.002, 84.808, -0.002]
- Matrix:
  0.090 -0.996 -0.000 -0.313
 -0.000 -0.000  1.000  0.000
 -0.996 -0.090 -0.000  1.733
  0.000  0.000  0.000  1.000
At time 1675435367.322807485
- Translation: [-0.347, 0.000, 1.731]
- Rotation: in Quaternion [-0.527, 0.471, 0.471, 0.527]
- Rotation: in RPY (radian) [-1.571, 1.459, -0.000]
- Rotation: in RPY (degree) [-90.002, 83.581, -0.002]
- Matrix:
  0.112 -0.994 -0.000 -0.347
 -0.000 -0.000  1.000  0.000
 -0.994 -0.112 -0.000  1.731
  0.000  0.000  0.000  1.000
At time 1675435368.322901448
- Translation: [-0.332, 0.000, 1.744]
- Rotation: in Quaternion [-0.526, 0.473, 0.473, 0.526]
- Rotation: in RPY (radian) [-1.571, 1.465, -0.000]
- Rotation: in RPY (degree) [-90.002, 83.924, -0.002]
- Matrix:
  0.106 -0.994 -0.000 -0.332
 -0.000 -0.000  1.000  0.000
 -0.994 -0.106 -0.000  1.744
  0.000  0.000  0.000  1.000
At time 1675435369.322962466
- Translation: [-0.172, 0.000, 1.763]
- Rotation: in Quaternion [-0.517, 0.482, 0.482, 0.517]
- Rotation: in RPY (radian) [-1.571, 1.500, -0.000]
- Rotation: in RPY (degree) [-90.003, 85.926, -0.003]
- Matrix:
  0.071 -0.997  0.000 -0.172
 -0.000 -0.000  1.000  0.000
 -0.997 -0.071 -0.000  1.763
  0.000  0.000  0.000  1.000
At time 1675435370.323022448
- Translation: [-0.178, 0.000, 1.728]
- Rotation: in Quaternion [-0.514, 0.485, 0.485, 0.514]
- Rotation: in RPY (radian) [-1.571, 1.513, -0.000]
- Rotation: in RPY (degree) [-90.004, 86.674, -0.004]
- Matrix:
  0.058 -0.998 -0.000 -0.178
 -0.000 -0.000  1.000  0.000
 -0.998 -0.058 -0.000  1.728
  0.000  0.000  0.000  1.000
At time 1675435371.403112448
- Translation: [-0.158, 0.000, 1.687]
- Rotation: in Quaternion [-0.512, 0.488, 0.488, 0.512]
- Rotation: in RPY (radian) [-1.571, 1.522, -0.000]
- Rotation: in RPY (degree) [-90.004, 87.193, -0.004]
- Matrix:
  0.049 -0.999  0.000 -0.158
 -0.000 -0.000  1.000  0.000
 -0.999 -0.049 -0.000  1.687
  0.000  0.000  0.000  1.000
At time 1675435372.323183448
- Translation: [-0.156, 0.000, 1.639]
- Rotation: in Quaternion [-0.512, 0.487, 0.487, 0.512]
- Rotation: in RPY (radian) [-1.571, 1.521, -0.000]
- Rotation: in RPY (degree) [-90.004, 87.169, -0.004]
- Matrix:
  0.049 -0.999  0.000 -0.156
 -0.000 -0.000  1.000  0.000
 -0.999 -0.049 -0.000  1.639
  0.000  0.000  0.000  1.000
At time 1675435373.323288466
- Translation: [-0.108, 0.000, 1.618]
- Rotation: in Quaternion [-0.508, 0.492, 0.492, 0.508]
- Rotation: in RPY (radian) [-1.571, 1.538, -0.000]
- Rotation: in RPY (degree) [-90.007, 88.145, -0.006]
- Matrix:
  0.032 -0.999 -0.000 -0.108
 -0.000 -0.000  1.000  0.000
 -0.999 -0.032 -0.000  1.618
  0.000  0.000  0.000  1.000
At time 1675435374.323341448
- Translation: [-0.115, 0.000, 1.522]
- Rotation: in Quaternion [-0.510, 0.490, 0.490, 0.509]
- Rotation: in RPY (radian) [-1.571, 1.532, -0.000]
- Rotation: in RPY (degree) [-90.005, 87.802, -0.005]
- Matrix:
  0.038 -0.999 -0.000 -0.115
 -0.000 -0.000  1.000  0.000
 -0.999 -0.038 -0.000  1.522
  0.000  0.000  0.000  1.000
At time 1675435375.363425448
- Translation: [-0.048, 0.000, 1.435]
- Rotation: in Quaternion [-0.504, 0.496, 0.496, 0.504]
- Rotation: in RPY (radian) [-1.571, 1.553, -0.000]
- Rotation: in RPY (degree) [-90.012, 88.994, -0.012]
- Matrix:
  0.018 -1.000 -0.000 -0.048
 -0.000 -0.000  1.000  0.000
 -1.000 -0.018 -0.000  1.435
  0.000  0.000  0.000  1.000
At time 1675435376.403500485
- Translation: [0.022, 0.000, 1.419]
- Rotation: in Quaternion [-0.496, 0.504, 0.504, 0.496]
- Rotation: in RPY (radian) [1.571, 1.555, -3.141]
- Rotation: in RPY (degree) [90.013, 89.086, -179.987]
- Matrix:
 -0.016 -1.000 -0.000  0.022
 -0.000  0.000  1.000  0.000
 -1.000  0.016 -0.000  1.419
  0.000  0.000  0.000  1.000
At time 1675435377.323577448
- Translation: [0.023, 0.000, 1.430]
- Rotation: in Quaternion [-0.492, 0.508, 0.508, 0.492]
- Rotation: in RPY (radian) [1.571, 1.540, -3.141]
- Rotation: in RPY (degree) [90.007, 88.257, -179.993]
- Matrix:
 -0.030 -1.000  0.000  0.023
 -0.000  0.000  1.000  0.000
 -1.000  0.030 -0.000  1.430
  0.000  0.000  0.000  1.000
At time 1675435378.443657466
- Translation: [0.012, 0.000, 1.450]
- Rotation: in Quaternion [-0.490, 0.510, 0.510, 0.490]
- Rotation: in RPY (radian) [1.571, 1.531, -3.141]
- Rotation: in RPY (degree) [90.005, 87.738, -179.995]
- Matrix:
 -0.039 -0.999 -0.000  0.012
 -0.000  0.000  1.000  0.000
 -0.999  0.039 -0.000  1.450
  0.000  0.000  0.000  1.000
At time 1675435379.323723448
- Translation: [-0.000, 0.000, 1.461]
- Rotation: in Quaternion [-0.489, 0.510, 0.510, 0.489]
- Rotation: in RPY (radian) [1.571, 1.529, -3.142]
- Rotation: in RPY (degree) [90.005, 87.599, -179.995]
- Matrix:
 -0.042 -0.999 -0.000 -0.000
 -0.000  0.000  1.000  0.000
 -0.999  0.042 -0.000  1.461
  0.000  0.000  0.000  1.000
At time 1675435380.323802448
- Translation: [-0.041, 0.000, 1.480]
- Rotation: in Quaternion [-0.488, 0.512, 0.512, 0.488]
- Rotation: in RPY (radian) [1.571, 1.524, -3.142]
- Rotation: in RPY (degree) [90.004, 87.316, -179.996]
- Matrix:
 -0.047 -0.999  0.000 -0.041
 -0.000  0.000  1.000  0.000
 -0.999  0.047 -0.000  1.480
  0.000  0.000  0.000  1.000
At time 1675435381.283871448
- Translation: [-0.068, 0.000, 1.451]
- Rotation: in Quaternion [-0.490, 0.510, 0.510, 0.490]
- Rotation: in RPY (radian) [1.571, 1.532, -3.141]
- Rotation: in RPY (degree) [90.005, 87.800, -179.995]
- Matrix:
 -0.038 -0.999 -0.000 -0.068
 -0.000  0.000  1.000  0.000
 -0.999  0.038 -0.000  1.451
  0.000  0.000  0.000  1.000
At time 1675435382.323948448
- Translation: [-0.099, 0.000, 1.389]
- Rotation: in Quaternion [-0.491, 0.508, 0.508, 0.491]
- Rotation: in RPY (radian) [1.571, 1.537, -3.141]
- Rotation: in RPY (degree) [90.006, 88.039, -179.994]
- Matrix:
 -0.034 -0.999 -0.000 -0.099
 -0.000  0.000  1.000  0.000
 -0.999  0.034 -0.000  1.389
  0.000  0.000  0.000  1.000
At time 1675435383.324030448
- Translation: [-0.103, 0.000, 1.297]
- Rotation: in Quaternion [-0.494, 0.506, 0.506, 0.494]
- Rotation: in RPY (radian) [1.571, 1.546, -3.141]
- Rotation: in RPY (degree) [90.009, 88.605, -179.991]
- Matrix:
 -0.024 -1.000  0.000 -0.103
 -0.000  0.000  1.000  0.000
 -1.000  0.024 -0.000  1.297
  0.000  0.000  0.000  1.000
At time 1675435384.284114448
- Translation: [-0.103, 0.000, 1.211]
- Rotation: in Quaternion [-0.497, 0.503, 0.503, 0.497]
- Rotation: in RPY (radian) [1.571, 1.559, -3.141]
- Rotation: in RPY (degree) [90.019, 89.349, -179.981]
- Matrix:
 -0.011 -1.000 -0.000 -0.103
 -0.000  0.000  1.000  0.000
 -1.000  0.011 -0.000  1.211
  0.000  0.000  0.000  1.000
At time 1675435385.284198448
- Translation: [-0.087, 0.000, 1.115]
- Rotation: in Quaternion [-0.499, 0.501, 0.501, 0.499]
- Rotation: in RPY (radian) [1.571, 1.565, -3.141]
- Rotation: in RPY (degree) [90.036, 89.668, -179.964]
- Matrix:
 -0.006 -1.000  0.000 -0.087
 -0.000  0.000  1.000  0.000
 -1.000  0.006 -0.000  1.115
  0.000  0.000  0.000  1.000
At time 1675435386.284300448
- Translation: [-0.070, 0.000, 1.099]
- Rotation: in Quaternion [-0.498, 0.502, 0.502, 0.498]
- Rotation: in RPY (radian) [1.571, 1.563, -3.141]
- Rotation: in RPY (degree) [90.028, 89.565, -179.972]
- Matrix:
 -0.008 -1.000 -0.000 -0.070
 -0.000  0.000  1.000  0.000
 -1.000  0.008 -0.000  1.099
  0.000  0.000  0.000  1.000
At time 1675435387.324359448
- Translation: [-0.066, 0.000, 1.131]
- Rotation: in Quaternion [-0.499, 0.501, 0.501, 0.499]
- Rotation: in RPY (radian) [1.571, 1.565, -3.141]
- Rotation: in RPY (degree) [90.038, 89.680, -179.962]
- Matrix:
 -0.006 -1.000 -0.000 -0.066
 -0.000  0.000  1.000  0.000
 -1.000  0.006 -0.000  1.131
  0.000  0.000  0.000  1.000
At time 1675435388.324426448
- Translation: [-0.063, 0.000, 1.146]
- Rotation: in Quaternion [-0.498, 0.502, 0.502, 0.498]
- Rotation: in RPY (radian) [1.571, 1.562, -3.141]
- Rotation: in RPY (degree) [90.025, 89.515, -179.975]
- Matrix:
 -0.008 -1.000 -0.000 -0.063
 -0.000  0.000  1.000  0.000
 -1.000  0.008 -0.000  1.146
  0.000  0.000  0.000  1.000
At time 1675435389.324535466
- Translation: [-0.057, 0.000, 1.051]
- Rotation: in Quaternion [-0.496, 0.504, 0.504, 0.496]
- Rotation: in RPY (radian) [1.571, 1.556, -3.141]
- Rotation: in RPY (degree) [90.014, 89.142, -179.986]
- Matrix:
 -0.015 -1.000 -0.000 -0.057
 -0.000  0.000  1.000  0.000
 -1.000  0.015 -0.000  1.051
  0.000  0.000  0.000  1.000
At time 1675435390.404591448
- Translation: [-0.038, 0.000, 0.993]
- Rotation: in Quaternion [-0.496, 0.504, 0.504, 0.496]
- Rotation: in RPY (radian) [1.571, 1.557, -3.141]
- Rotation: in RPY (degree) [90.015, 89.186, -179.985]
- Matrix:
 -0.014 -1.000 -0.000 -0.038
 -0.000  0.000  1.000  0.000
 -1.000  0.014 -0.000  0.993
  0.000  0.000  0.000  1.000
At time 1675435391.404690467
- Translation: [-0.035, 0.000, 0.935]
- Rotation: in Quaternion [-0.499, 0.501, 0.501, 0.499]
- Rotation: in RPY (radian) [1.571, 1.565, -3.141]
- Rotation: in RPY (degree) [90.038, 89.683, -179.962]
- Matrix:
 -0.006 -1.000 -0.000 -0.035
 -0.000  0.000  1.000  0.000
 -1.000  0.006 -0.000  0.935
  0.000  0.000  0.000  1.000
At time 1675435392.404761448
- Translation: [-0.033, 0.000, 0.868]
- Rotation: in Quaternion [-0.501, 0.499, 0.499, 0.501]
- Rotation: in RPY (radian) [-1.572, 1.567, -0.001]
- Rotation: in RPY (degree) [-90.053, 89.770, -0.053]
- Matrix:
  0.004 -1.000 -0.000 -0.033
 -0.000 -0.000  1.000  0.000
 -1.000 -0.004 -0.000  0.868
  0.000  0.000  0.000  1.000
At time 1675435393.284826448
- Translation: [-0.019, 0.000, 0.822]
- Rotation: in Quaternion [-0.500, 0.500, 0.500, 0.500]
- Rotation: in RPY (radian) [1.573, 1.569, -3.139]
- Rotation: in RPY (degree) [90.141, 89.914, -179.859]
- Matrix:
 -0.001 -1.000 -0.000 -0.019
 -0.000  0.000  1.000  0.000
 -1.000  0.001 -0.000  0.822
  0.000  0.000  0.000  1.000
At time 1675435394.404967467
- Translation: [0.002, 0.000, 0.717]
- Rotation: in Quaternion [-0.498, 0.502, 0.502, 0.498]
- Rotation: in RPY (radian) [1.571, 1.563, -3.141]
- Rotation: in RPY (degree) [90.028, 89.566, -179.972]
- Matrix:
 -0.008 -1.000  0.000  0.002
 -0.000  0.000  1.000  0.000
 -1.000  0.008 -0.000  0.717
  0.000  0.000  0.000  1.000
At time 1675435395.404992448
- Translation: [0.001, 0.000, 0.695]
- Rotation: in Quaternion [-0.499, 0.501, 0.501, 0.499]
- Rotation: in RPY (radian) [1.572, 1.567, -3.141]
- Rotation: in RPY (degree) [90.051, 89.765, -179.949]
- Matrix:
 -0.004 -1.000  0.000  0.001
 -0.000  0.000  1.000  0.000
 -1.000  0.004 -0.000  0.695
  0.000  0.000  0.000  1.000
At time 1675435396.325079448
- Translation: [-0.008, 0.000, 0.703]
- Rotation: in Quaternion [-0.500, 0.500, 0.500, 0.500]
- Rotation: in RPY (radian) [-1.598, 1.571, -0.027]
- Rotation: in RPY (degree) [-91.554, 89.992, -1.554]
- Matrix:
  0.000 -1.000 -0.000 -0.008
 -0.000 -0.000  1.000  0.000
 -1.000 -0.000 -0.000  0.703
  0.000  0.000  0.000  1.000
At time 1675435397.405170466
- Translation: [-0.014, 0.000, 0.720]
- Rotation: in Quaternion [-0.501, 0.499, 0.499, 0.501]
- Rotation: in RPY (radian) [-1.572, 1.568, -0.001]
- Rotation: in RPY (degree) [-90.083, 89.855, -0.083]
- Matrix:
  0.003 -1.000  0.000 -0.014
 -0.000 -0.000  1.000  0.000
 -1.000 -0.003 -0.000  0.720
  0.000  0.000  0.000  1.000
At time 1675435398.405256466
- Translation: [-0.025, 0.000, 0.721]
- Rotation: in Quaternion [-0.496, 0.504, 0.504, 0.496]
- Rotation: in RPY (radian) [1.571, 1.554, -3.141]
- Rotation: in RPY (degree) [90.013, 89.037, -179.987]
- Matrix:
 -0.017 -1.000 -0.000 -0.025
 -0.000  0.000  1.000  0.000
 -1.000  0.017 -0.000  0.721
  0.000  0.000  0.000  1.000
At time 1675435399.405413466
- Translation: [-0.016, 0.000, 0.668]
- Rotation: in Quaternion [-0.500, 0.500, 0.500, 0.500]
- Rotation: in RPY (radian) [-1.575, 1.570, -0.004]
- Rotation: in RPY (degree) [-90.251, 89.952, -0.251]
- Matrix:
  0.001 -1.000 -0.000 -0.016
 -0.000 -0.000  1.000  0.000
 -1.000 -0.001 -0.000  0.668
  0.000  0.000  0.000  1.000
At time 1675435400.405403467
- Translation: [-0.012, 0.000, 0.602]
- Rotation: in Quaternion [-0.499, 0.501, 0.501, 0.499]
- Rotation: in RPY (radian) [1.573, 1.569, -3.140]
- Rotation: in RPY (degree) [90.099, 89.878, -179.901]
- Matrix:
 -0.002 -1.000 -0.000 -0.012
 -0.000  0.000  1.000  0.000
 -1.000  0.002 -0.000  0.602
  0.000  0.000  0.000  1.000
At time 1675435401.405494448
- Translation: [-0.018, 0.000, 0.512]
- Rotation: in Quaternion [-0.498, 0.502, 0.502, 0.498]
- Rotation: in RPY (radian) [1.571, 1.564, -3.141]
- Rotation: in RPY (degree) [90.032, 89.621, -179.968]
- Matrix:
 -0.007 -1.000 -0.000 -0.018
 -0.000  0.000  1.000  0.000
 -1.000  0.007 -0.000  0.512
  0.000  0.000  0.000  1.000
At time 1675435402.405578466
- Translation: [-0.028, 0.000, 0.477]
- Rotation: in Quaternion [-0.500, 0.500, 0.500, 0.500]
- Rotation: in RPY (radian) [1.585, 1.571, -3.127]
- Rotation: in RPY (degree) [90.837, 89.986, -179.163]
- Matrix:
 -0.000 -1.000 -0.000 -0.028
 -0.000  0.000  1.000  0.000
 -1.000  0.000 -0.000  0.477
  0.000  0.000  0.000  1.000
At time 1675435403.325656448
- Translation: [-0.028, 0.000, 0.372]
- Rotation: in Quaternion [-0.500, 0.500, 0.500, 0.500]
- Rotation: in RPY (radian) [-1.573, 1.569, -0.003]
- Rotation: in RPY (degree) [-90.144, 89.916, -0.144]
- Matrix:
  0.001 -1.000 -0.000 -0.028
 -0.000 -0.000  1.000  0.000
 -1.000 -0.001 -0.000  0.372
  0.000  0.000  0.000  1.000
At time 1675435404.205715448
- Translation: [-0.027, 0.000, 0.308]
- Rotation: in Quaternion [-0.501, 0.499, 0.499, 0.501]
- Rotation: in RPY (radian) [-1.572, 1.566, -0.001]
- Rotation: in RPY (degree) [-90.044, 89.725, -0.044]
- Matrix:
  0.005 -1.000 -0.000 -0.027
 -0.000 -0.000  1.000  0.000
 -1.000 -0.005 -0.000  0.308
  0.000  0.000  0.000  1.000
At time 1675435405.984490707
- Translation: [-0.008, 0.000, 0.254]
- Rotation: in Quaternion [-0.497, 0.503, 0.503, 0.497]
- Rotation: in RPY (radian) [1.571, 1.559, -3.141]
- Rotation: in RPY (degree) [90.018, 89.334, -179.982]
- Matrix:
 -0.012 -1.000 -0.000 -0.008
 -0.000  0.000  1.000  0.000
 -1.000  0.012 -0.000  0.254
  0.000  0.000  0.000  1.000
At time 1675435406.984390320
- Translation: [0.002, 0.000, 0.222]
- Rotation: in Quaternion [-0.496, 0.504, 0.504, 0.496]
- Rotation: in RPY (radian) [1.571, 1.556, -3.141]
- Rotation: in RPY (degree) [90.014, 89.141, -179.986]
- Matrix:
 -0.015 -1.000 -0.000  0.002
 -0.000  0.000  1.000  0.000
 -1.000  0.015 -0.000  0.222
  0.000  0.000  0.000  1.000
At time 1675435407.984391329
- Translation: [0.014, 0.000, 0.187]
- Rotation: in Quaternion [-0.495, 0.505, 0.505, 0.495]
- Rotation: in RPY (radian) [1.571, 1.552, -3.141]
- Rotation: in RPY (degree) [90.011, 88.948, -179.989]
- Matrix:
 -0.018 -1.000 -0.000  0.014
 -0.000  0.000  1.000  0.000
 -1.000  0.018 -0.000  0.187
  0.000  0.000  0.000  1.000
At time 1675435408.984395130
- Translation: [0.028, 0.000, 0.154]
- Rotation: in Quaternion [-0.495, 0.505, 0.505, 0.495]
- Rotation: in RPY (radian) [1.571, 1.549, -3.141]
- Rotation: in RPY (degree) [90.010, 88.756, -179.990]
- Matrix:
 -0.022 -1.000 -0.000  0.028
 -0.000  0.000  1.000  0.000
 -1.000  0.022 -0.000  0.154
  0.000  0.000  0.000  1.000
At time 1675435409.984405856
- Translation: [0.045, 0.000, 0.125]
- Rotation: in Quaternion [-0.494, 0.506, 0.506, 0.494]
- Rotation: in RPY (radian) [1.571, 1.546, -3.141]
- Rotation: in RPY (degree) [90.008, 88.563, -179.992]
- Matrix:
 -0.025 -1.000  0.000  0.045
 -0.000  0.000  1.000  0.000
 -1.000  0.025 -0.000  0.125
  0.000  0.000  0.000  1.000
At time 1675435410.984406368
- Translation: [0.065, 0.000, 0.100]
- Rotation: in Quaternion [-0.493, 0.507, 0.507, 0.493]
- Rotation: in RPY (radian) [1.571, 1.542, -3.141]
- Rotation: in RPY (degree) [90.007, 88.370, -179.993]
- Matrix:
 -0.028 -1.000 -0.000  0.065
 -0.000  0.000  1.000  0.000
 -1.000  0.028 -0.000  0.100
  0.000  0.000  0.000  1.000
